image: /home/lu/mymap.pgm
resolution: 0.100000
origin: [-151.499997, -85.100003, -nan]
negate: 0
occupied_thresh: 0.65
free_thresh: 0.196

